"US defense budget pre/post Vietnam"
 year budget gnp sales aero conflict
62  51.1  560.3  .6  16    0
63  52.3  590.5  .9  16.4  0
64  53.6  632.4 1.1  16.7  0
65  49.6  684.9 1.4  17    1
66  56.8  749.9 1.6  20.2  1
67  70.1  793.9 1    23.4  1
68  80.5  685   0.8  25.6  1
69  81.2  931.4 1.5  24.6  1
70  80.3  992.7 1    24.8  1
71  77.7 1077.6 1.5  21.7  1
72  78.3 1185.9 2.95 21.5  1
73  74.5 1326.4 4.8  24.3  0
74  77.8 1434.2 10.3 26.8  0
75  85.6 1549.2 16   29.5  0
76  89.4 1718   14.7 30.4  0
77  97.5 1918.3  8.3 33.3  0
78 105.2 2163.9 11   38    0
79 117.7 2417.8 13   46.2  0
80 135.9 2633.1 15.3 57.6  0
81 162.1 2937.7 18   68.9  0
