"Altered education expenditure data from C & P, Table 5.2"
Case Urban70  EdExpend75 Income73   Young74 Region State
    1    508    235   3944    325      1  me
    2    564    231   4578    323      1 nh
    3    322    270   4011    328      1 vt 
    4    846    261   5233    305      1 ma 
    5    871    300   4780    303      1 ri
    6    774    317   5889    307      1 ct
    7    856    387   5663    301      1 ny
    8    889    285   5759    310      1 nj
    9    715    300   4894    300      1 pa
   10    753    221   5012    324      2 oh
   11    649    264   4908    329      2 in
   12    830    308   5753    320      2 il
   13    738    379   5439    337      2 mi
   14    659    342   4634    328      2 wi
   15    664    378   4921    330      2 mn
   16    572    232   4869    318      2 ia
   17    701    231   4672    309      2 mo
   18    443    246   4782    333      2 nd
   19    446    230   4296    330      2 sd
   20    615    268   4827    318      2 nb
   21    661    337   5057    304      2 ks
   22    772    344   5540    328      3 de
   23    766    330   5331    323      3 md
   24    631    261   4715    317      3 va
   25    390    214   3828    310      3 wv
   26    450    245   4120    321      3 nc
   27    476    233   3817    342      3 sc
   28    603    250   4243    339      3 ga
   29    805    243   4647    287      3 fl
   30    523    216   3967    325      3 ky
   31    588    212   3946    315      3 tn
   32    584    208   3724    332      3 al
   33    445    215   3448    358      3 ms
   34    500    221   3680    320      3 ar
   35    661    244   3825    355      3 la
   36    680    234   4189    306      3 ok
   37    797    269   4336    335      3 tx
   38    534    302   4418    335      4 mt
   39    541    268   4323    344      4 id
   40    605    323   4813    331      4 wy
   41    785    304   5046    324      4 co
   42    698    317   3764    366      4 nm
   43    796    332   4504    340      4 az
   44    804    315   4005    378      4 ut
   45    809    291   5560    330      4 nv
   46    726    312   4989    313      4 wa
   47    671    316   4697    305      4 or
   48    909    332   5438    307      4 ca
   49    484    546   5613    386      4 ak
   50    831    311   5309    333      4 hi
 

