"Annual domestic U.S. investment, 1963-1982, with several
 related measures of economic activity.  GNP and Invest
 are in billions of nominal dollars.  Use the price index to obtain 
 'real' dollars. The interest rate is the discount rate. From
  Greene, 15.1."
       Year    GNP Invest PrIndex Interest PrChg
        63  596.7   90.9 0.7167   3.23   0.01
        64  637.7   97.4 0.7277   3.55  0.011
        65  691.1  113.5 0.7436   4.04 0.0159
        66    756  125.7 0.7676    4.5  0.024
        67  799.6  122.8 0.7906   4.19  0.023
        68  873.4  133.3 0.8254   5.16 0.0348
        69    944  149.3 0.8679   5.87 0.0425
        70  992.7  144.2 0.9145   5.95 0.0466
        71 1077.6  166.4 0.9601   4.88 0.0456
        72 1185.9    195      1    4.5 0.0399
        73 1326.4  229.8 1.0575   6.44 0.0575
        74 1434.2  228.7 1.1508   7.83 0.0933
        75 1549.2  206.1 1.2579   6.25 0.1071
        76   1718  257.9 1.3234    5.5 0.0655
        77 1918.3  324.1 1.4005   5.46 0.0771
        78 2163.9  386.6 1.5042   7.46 0.1037
        79 2417.8    423 1.6342  10.28   0.13
        80 2631.7  401.9 1.7842  11.77   0.15
        81 2954.1  474.9 1.9514  13.42 0.1672
        82   3073  414.5 2.0688  11.02 0.1174
