"Synthetic data for example on locating the maximum of a
 quadratic function, with standard errors.  The generating
 calls are
       (def temp  (- (* 20 (uniform-rand 50)) 10)) ; U[-10,10]
       (def yield (+ (* 75 (normal-rand 50))
                     (- 600 (* 5 (^ (- temp 0) 2)))))  "
temp  yield
 -2.73093   613.885
 -2.02699   494.829
  6.80317   380.597
 -1.80099   532.115
 -8.31644    297.82
 -7.76459   210.068
 -6.31688    481.99
  5.60742   383.302
 -2.86188   558.801
  7.26179   203.941
 -8.63397   279.095
  9.28563   250.799
  -9.7178   158.711
  9.10688   138.364
    8.132   169.069
  1.94722   587.471
 -2.71453    565.99
  3.01313   388.427
  1.13386   555.125
 -8.67117   295.538
 -6.25178   403.056
 -4.39809   488.867
 0.777718   621.034
 -2.54926   626.072
 -4.27859   537.739
   6.6101   337.413
 -1.65987   441.956
-0.588309   583.183
 -1.83489   578.152
 -4.56079   523.361
  7.50322   348.144
 0.208127   513.976
  7.46447   243.797
 -9.12036   224.003
  2.42608   641.924
 -3.63065   494.578
  -1.1207   624.478
  3.71625   466.944
  5.27773   381.321
 -8.35164   121.582
  8.91861   91.3316
 -6.84211   411.407
  7.10616   288.487
  -3.0624    452.23
  2.23667   485.405
 0.753498   594.135
  7.71868   390.536
  9.60294   167.819
  6.72947   414.109
   4.7722   466.864
