"US domestic oil production, 1948-1978."
wildcats price output gnp year period
8.01 4.89 5.52 487.67 1948 1
9.06 4.83 5.05 490.59 1949 2
10.31 4.68 5.41 533.55 1950 3
11.76 4.42 6.16 576.57 1951 4
12.43 4.36 6.26 598.62 1952 5
13.31 4.55 6.34 621.77 1953 6
13.10 4.66 6.81 613.67 1954 7
14.94 4.54 7.15 654.80 1955 8
16.17 4.44 7.17 668.84 1956 9
14.71 4.75 6.71 681.02 1957 10
13.20 4.56 7.05 679.53 1958 11
13.19 4.29 7.04 720.53 1959 12
11.70 4.19 7.18 736.86 1960 13
10.99 4.17 7.33 755.34 1961 14
10.80 4.11 7.54 799.15 1962 15
10.66 4.04 7.61 830.70 1963 16
10.75 3.96 7.80 874.29 1964 17
9.47 3.85 8.30 925.86 1965 18
10.31 3.75 8.81 980.98 1966 19
8.88 3.69 8.66 1007.72 1967 20
8.88 3.56 8.78 1051.83 1968 21
9.70 3.56 9.18 1078.76 1969 22
7.69 3.48 9.03 1075.31 1970 23
6.92 3.53 9.00 1107.48 1971 24
7.54 3.39 8.78 1171.10 1972 25
7.47 3.68 8.38 1234.97 1973 26
8.63 5.92 8.01 1217.81 1974 27
9.21 6.03 7.78 1202.36 1975 28
9.23 6.12 7.88 1271.01 1976 29
9.96 6.05 7.88 1332.67 1977 30
10.78 5.89 8.67 1385.10 1978 31
