  2.26  3.26
  3.28  2.64
  2.80  2.15
  0.95  1.69
  0.12  0.51
  0.13  0.27
  0.39  0.16
  0.24  0.31
  0.30  0.39
  0.22  0.40
  0.18  0.42
  0.26  0.42
  0.55  0.30
  0.12  0.25
  0.44  0.32
  0.14  0.57
  0.50  0.61
  0.82  0.64
  0.51  0.69
  0.73  0.65
  0.36  0.46
  0.16  0.42
  0.10  0.47
  0.47  0.49
  0.52  0.60
  0.29  0.66
  0.98  0.94
  2.14  1.44
  1.31  1.85
  1.97  2.22
  4.18  2.84
  3.30  2.72
  1.77  2.20
  0.68  1.73
  0.13  1.26
  0.54  0.65
  0.56  0.61
  0.38  0.69
  1.15  0.90
  1.55  0.94
  0.24  0.87
  0.18  0.77
  0.09  0.66
  0.16  0.47
  0.09  0.67
  0.83  1.02
  0.56  1.71
  0.31  2.88
  0.95  3.50
  1.08  4.15
  4.65  2.84
  1.64  2.32
  3.33  1.89
  0.66  1.51
  0.17  0.56
  0.06  0.28
  0.12  0.17
  0.16  0.30
  0.55  0.36
  0.56  0.37
  0.83  0.38
  0.35  0.37
  0.32  0.27
  0.11  0.23
  0.48  0.27
  0.16  0.47
  0.19  0.50
  0.23  0.52
  0.17  0.55
  0.21  0.52
  0.09  0.39
  0.14  0.36
  0.19  0.42
  0.45  0.48
  0.88  0.61
  1.15  0.77
  0.89  1.01
  0.87  1.43
  1.94  1.78
  2.49  2.08
  4.70  2.51
  4.22  2.46
  1.85  2.04
  1.12  1.65
  0.15  1.27
  0.24  0.72
  0.22  0.63
  0.23  0.69
  0.77  0.83
  0.84  0.88
  0.23  0.85
  0.11  0.80
  0.15  0.68
  0.03  0.56
  0.04  0.70
  0.17  1.15
  0.90  1.82
  4.57  3.41
  3.49  4.14
  2.35  5.03
  1.63  2.65
  2.17  2.18
  1.14  1.83
  0.56  1.50
  0.17  0.66
  0.05  0.37
  0.17  0.29
  0.20  0.34
  0.22  0.36
  0.19  0.34
  0.64  0.35
  0.05  0.31
  0.19  0.23
  0.16  0.22
  0.22  0.25
  0.19  0.41
  0.09  0.44
  0.21  0.45
  0.12  0.47
  0.06  0.45
  0.10  0.34
  0.25  0.34
  0.08  0.49
  0.12  0.58
  0.68  0.71
  0.80  0.91
  0.75  1.12
  1.94  1.44
  6.61  1.70
  3.20  1.93
  5.25  2.27
  6.45  2.23
  1.05  1.85
  2.49  1.51
  0.11  1.21
  0.01  0.71
  0.20  0.62
  0.24  0.66
  0.15  0.80
  0.70  0.87
  0.72  0.90
  0.33  0.88
  0.27  0.78
  0.16  0.65
  0.04  0.73
  0.50  1.13
  0.88  1.70
  1.42  3.05
  4.66  3.69
  2.83  4.48
  1.34  3.07
  7.14  2.61
  4.02  2.27
  0.21  1.96
  0.22  0.98
  0.46  0.69
  0.27  0.54
  0.22  0.44
  0.23  0.37
  0.37  0.33
  0.14  0.31
  0.12  0.24
  0.02  0.19
  0.19  0.18
  0.11  0.17
  0.10  0.21
  0.15  0.22
  0.09  0.21
  0.12  0.20
  0.06  0.22
  0.08  0.26
  0.10  0.30
  0.03  0.55
  0.09  0.72
  0.32  0.84
  1.42  1.03
  1.04  1.15
  1.91  1.21
  2.80  1.40
  6.01  1.53
  2.14  1.66
  2.37  1.68
  0.47  1.48
  0.46  1.19
  0.13  0.99
  0.33  0.67
  0.19  0.57
  0.21  0.58
  0.42  0.68
  0.71  0.76
  0.25  0.85
  0.42  0.91
  0.40  0.89
  0.22  0.84
  0.07  0.85
  0.55  1.15
  0.35  1.65
  0.66  2.83
  1.08  3.35
  1.68  4.13
  0.94  4.02
  4.57  3.72
  4.30  3.37
  2.59  2.64
  0.95  1.75
  0.83  1.34
  0.17  0.92
  0.28  0.57
  0.27  0.45
  0.32  0.39
  0.49  0.32
  0.05  0.21
  0.09  0.18
  0.08  0.16
  0.09  0.16
  0.08  0.18
  0.03  0.19
  0.03  0.20
  0.15  0.19
  0.09  0.21
  0.05  0.28
  0.22  0.35
  0.19  0.62
  0.16  0.87
  0.32  1.12
  1.81  1.37
  1.69  1.63
  2.52  1.81
  1.61  2.13
  4.20  2.22
  5.51  2.22
  3.52  2.03
  0.41  1.69
  0.50  1.19
  0.26  0.89
  0.02  0.60
  0.09  0.49
  0.14  0.49
  0.26  0.56
  0.22  0.66
  0.18  0.83
  0.09  1.04
  2.06  1.14
  0.33  1.14
  0.80  1.13
  1.51  1.38
  0.34  1.69
  0.47  2.71
  3.32  3.17
 11.24  3.91
  1.41  6.32
  1.97  6.72
  4.37  5.93
  1.21  4.53
  0.72  3.53
  3.68  2.82
  0.75  1.38
  0.48  0.87
  0.30  0.64
  0.45  0.46
  0.65  0.35
  0.23  0.24
  0.14  0.23
  0.09  0.21
  0.10  0.19
  0.09  0.19
  0.01  0.19
  0.09  0.19
  0.28  0.18
  0.33  0.21
  0.18  0.30
  0.19  0.59
  0.26  0.98
  0.70  1.31
  2.29  1.78
  3.10  2.08
  2.12  2.27
  0.84  2.32
  4.61  2.48
  4.83  2.41
  9.14  2.24
  2.63  1.88
  0.77  1.54
  0.57  1.12
  0.16  0.76
  0.02  0.55
  0.08  0.41
  0.04  0.38
  0.08  0.40
  0.39  0.56
  0.68  0.82
  0.78  1.12
  1.65  1.31
  0.58  1.44
  1.46  1.48
  1.33  1.71
  0.72  1.79
  0.68  2.45
  0.93  2.76
  2.72  3.16
 54.39 12.13
  7.45 11.41
  4.91  9.78
  2.77  5.94
  6.70  4.31
  1.56  3.33
  2.95  1.63
  1.60  1.03
  0.85  0.79
  0.20  0.58
  0.50  0.41
  0.24  0.31
  0.19  0.29
  0.16  0.23
  0.36  0.21
  0.60  0.21
  0.18  0.21
  0.27  0.21
  0.34  0.23
  0.17  0.31
  0.57  0.45
  0.56  0.82
  0.32  1.39
  1.50  1.74
  0.93  2.15
  1.15  2.32
  1.35  2.48
  3.09  2.35
  2.14  2.42
  2.72  2.37
  5.27  2.27
 14.63  1.84
  1.41  1.46
  1.80  1.06
  0.12  0.64
  0.21  0.46
  0.23  0.32
  0.04  0.29
  0.10  0.34
  0.33  0.54
  0.25  0.81
  0.96  1.10
  0.89  1.41
  2.01  1.56
  3.68  1.64
  1.89  1.89
  1.68  2.00
  1.09  2.21
  4.62  2.40
  6.36  2.61
 12.74 14.04
 10.18 13.44
 23.28 11.62
 18.59  7.37
  8.56  5.58
  1.12  4.13
  3.21  2.00
  1.03  1.22
  0.28  0.97
  0.37  0.73
  0.26  0.54
  0.17  0.41
  0.15  0.38
  0.32  0.29
  0.55  0.25
  0.39  0.26
  0.22  0.28
  0.29  0.30
  0.13  0.37
  0.25  0.45
  0.11  0.76
  0.17  1.35
  0.28  1.89
  0.71  2.13
  1.16  2.58
  0.81  2.50
  1.56  2.39
  1.03  2.21
  1.90  2.44
  2.31  2.35
  1.48  2.27
  5.59  1.87
  1.48  1.50
  0.92  0.99
  0.73  0.58
  0.15  0.41
  0.32  0.29
  0.04  0.27
  0.12  0.31
  0.12  0.47
  0.19  0.75
  0.34  1.03
  0.48  1.34
  0.84  1.61
  1.28  1.85
  3.24  2.15
  5.32  2.30
  3.46  2.55
 10.61  2.70
 13.84  2.79
  6.49 14.95
 20.35 14.10
  8.90 12.32
 16.11  7.59
  3.46  6.10
  2.70  4.68
  1.90  2.58
  0.23  1.63
  0.60  1.24
  1.48  0.83
  0.34  0.58
  0.10  0.46
  0.08  0.43
  0.42  0.36
  1.02  0.34
  0.60  0.35
  0.20  0.37
  0.47  0.42
  0.85  0.50
  0.45  0.61
  0.39  1.02
  0.47  1.64
  0.91  2.11
  1.09  2.34
  2.12  2.73
  1.28  2.49
  1.70  2.29
  0.64  2.07
  0.87  2.25
  2.68  2.12
  3.02  2.07
  6.69  1.74
  1.84  1.46
  2.60  0.97
  0.25  0.64
  0.40  0.54
  0.16  0.39
  0.11  0.37
  0.09  0.42
  0.34  0.56
  0.22  0.77
  0.66  1.05
  0.31  1.39
  1.43  1.66
  4.13  3.63
  2.31  4.27
  7.91  4.45
  3.92  4.89
  6.32  5.62
  5.68  3.78
 15.77 22.46
  7.56 19.74
  6.26 17.02
  7.92 12.02
  8.98  7.33
  1.26  5.27
  1.13  3.15
  1.46  2.05
  2.33  1.42
  0.81  0.86
  0.32  0.64
  0.19  0.56
  0.09  0.51
  0.23  0.42
  1.05  0.43
  0.25  0.45
  0.47  0.48
  0.27  0.54
  1.16  0.67
  0.33  0.85
  0.79  1.31
  1.57  2.11
  1.12  2.55
  5.94  2.67
  1.38  2.82
  0.79  2.43
  0.58  1.80
  0.42  1.40
  1.13  1.38
  2.07  1.26
  1.70  1.29
  1.57  1.23
  0.96  1.14
  0.70  0.93
  0.33  0.74
  0.44  0.63
  1.28  0.47
  0.26  0.47
  0.09  0.56
  0.50  0.71
  0.35  0.90
  0.25  1.06
  0.74  1.33
  0.71  1.68
  0.79  4.23
  0.72  5.28
  2.00  6.04
  3.83  6.83
  2.76  7.88
  6.71  5.79
 26.66 21.33
  3.68 18.09
  2.55 15.91
  3.22 11.50
  6.83  6.66
 12.34  4.84
 18.71  3.36
  4.54  2.07
  1.20  1.25
  0.64  0.81
  0.85  0.63
  0.38  0.54
  0.27  0.48
  0.20  0.43
  0.34  0.46
  0.36  0.51
  0.26  0.72
  0.29  0.92
  0.56  1.08
  1.01  1.41
  0.65  1.87
  1.21  2.29
  2.52  2.48
  6.27  2.45
  0.94  2.21
  0.81  1.74
  0.67  1.12
  0.30  0.80
  0.18  0.83
  0.24  0.81
  0.63  0.90
  0.40  1.05
  0.53  0.98
  0.59  0.82
  0.65  0.76
  0.96  0.67
  0.61  0.49
  0.77  0.53
  0.44  0.61
  0.29  0.68
  0.99  0.78
  0.49  0.91
  1.84  1.15
  2.47  1.80
  2.06  4.48
  1.19  5.67
  2.59  6.62
  6.45  7.64
  4.32  8.52
 10.40  6.54
 40.57 17.60
 28.44 15.12
  7.33 13.61
  8.44 11.51
  3.22  6.65
  8.92  4.95
  2.18  3.62
  0.71  2.23
  0.64  1.16
  0.36  0.73
  0.44  0.60
  0.25  0.51
  0.37  0.49
  0.14  0.50
  0.20  0.65
  0.26  0.84
  1.07  1.12
  0.55  1.30
  0.32  1.43
  1.25  1.61
  0.99  1.91
  0.54  2.17
  1.34  2.15
  1.73  2.05
  0.64  1.80
  0.25  1.35
  0.35  0.73
  0.28  0.53
  0.28  0.62
  0.31  0.57
  0.25  0.62
  0.13  0.83
  0.18  0.87
  0.50  0.75
  0.43  0.75
  1.47  0.70
  3.25  0.54
  0.68  0.55
  0.54  0.59
  0.70  0.62
  1.05  0.70
  0.46  0.83
  0.68  1.01
  0.95  1.77
  2.81  4.65
  2.11  5.71
  5.65  6.67
  3.62  7.63
  2.75  8.41
 11.21  6.13
 23.28 16.76
 30.54 13.96
 36.89 12.55
 11.50 10.73
  6.27  5.56
  1.63  4.29
  1.73  3.35
  0.71  2.07
  0.37  1.01
  0.16  0.62
  0.46  0.50
  0.32  0.44
  0.17  0.52
  1.27  0.61
  0.27  0.96
  0.52  1.40
  1.93  1.82
  5.40  1.92
  2.73  1.94
  0.57  1.93
  1.10  1.77
  0.80  1.64
  0.74  1.56
  1.27  1.50
  0.80  1.20
  0.75  0.91
  0.20  0.56
  0.24  0.41
  0.38  0.36
  1.11  0.37
  0.40  0.41
  0.29  0.61
  0.72  0.79
  0.39  0.81
  0.46  0.79
  0.32  0.78
  1.02  0.62
  0.69  0.50
  0.35  0.52
  0.35  0.57
  0.47  0.62
  0.68  0.77
  0.60  1.00
  1.00  1.82
  3.42  4.69
  5.70  5.72
  6.76  6.73
  1.38  7.66
  1.75  8.38
  6.76  6.12
  5.52 15.66
 10.47 13.08
  8.71 11.72
 38.61 10.25
  3.88  4.92
  3.70  3.68
  0.87  2.73
  0.88  1.58
  0.43  0.73
  0.25  0.51
  0.57  0.47
  0.31  0.44
  1.45  0.69
  2.23  0.90
  3.99  1.64
  4.37  2.26
  2.99  2.74
  3.68  2.62
  2.23  2.48
  1.92  2.04
  0.29  1.56
  1.07  1.32
  0.95  1.22
  0.82  1.11
  0.68  0.84
  0.19  0.69
  0.15  0.40
  0.24  0.31
  0.52  0.29
  1.71  0.33
  0.07  0.37
  0.24  0.50
  0.27  0.68
  1.41  0.71
  0.57  0.68
  0.41  0.62
  0.43  0.50
  0.49  0.38
  0.11  0.40
  0.22  0.47
  0.33  0.53
  1.08  0.63
  1.61  0.78
  1.04  1.62
  0.83  2.84
  2.11  3.62
  1.66  4.68
  1.95  5.49
  1.91  5.67
  2.20  5.28
  3.44  6.65
  5.54  5.92
 10.27  5.67
  3.61  5.03
  0.76  3.07
  0.88  2.56
  1.19  1.92
  0.39  1.05
  0.44  0.45
  0.26  0.41
  2.81  0.38
  0.83  0.37
  0.35  0.69
  1.08  1.08
  2.34  2.05
  9.03  2.88
  6.18  3.35
  2.96  3.17
  3.54  2.81
  0.63  2.04
  0.52  1.26
  0.22  0.77
  0.14  0.65
  0.10  0.55
  0.17  0.37
  0.08  0.32
  0.03  0.29
  0.09  0.23
  0.11  0.26
  0.17  0.28
  0.06  0.31
  0.35  0.38
  0.33  0.54
  0.20  0.57
  0.99  0.52
  0.74  0.47
  0.22  0.39
  0.10  0.25
  0.06  0.23
  0.15  0.29
  0.37  0.34
  0.82  0.44
  0.71  0.58
  0.50  1.33
  0.10  1.97
  0.62  2.30
  1.88  2.95
  3.13  3.93
  0.95  3.89
  2.21  3.94
  2.22  5.11
  1.56  4.32
  2.74  4.07
  2.07  3.67
  0.56  2.10
  0.15  1.70
  0.29  1.40
  0.12  0.87
  0.18  0.49
  0.08  0.43
  0.24  0.41
  1.11  0.42
  0.18  0.76
  0.28  1.19
  2.36  2.29
 10.82  3.23
 19.44  3.60
  9.08  3.32
  4.92  2.86
  1.09  1.75
  0.39  0.81
  0.16  0.40
  0.10  0.31
  0.06  0.25
  0.07  0.23
  0.06  0.20
  0.06  0.19
  0.18  0.17
  0.20  0.19
  0.18  0.24
  0.09  0.27
  0.29  0.31
  0.95  0.47
  0.12  0.50
  0.37  0.46
  0.56  0.41
  0.10  0.36
  0.07  0.20
  0.08  0.16
  0.16  0.21
  0.16  0.28
  0.62  0.38
  0.78  0.53
  0.57  0.93
  0.48  1.39
  0.77  1.61
  1.17  2.21
  1.39  3.26
  3.77  3.52
  2.98  3.79
  0.27  2.82
  0.87  2.46
  0.78  2.41
  0.81  2.17
  0.55  1.37
  0.95  1.19
  0.21  0.99
  0.48  0.61
  0.26  0.49
  0.07  0.40
  0.35  0.38
  0.08  0.38
  0.18  0.77
  0.25  1.28
  1.98  2.43
  5.11  3.49
 29.85  3.88
  2.97  3.62
  3.82  3.07
  1.00  1.89
  0.20  0.79
  0.25  0.37
  0.08  0.22
  0.25  0.18
  0.05  0.17
  0.03  0.18
  0.05  0.17
  0.14  0.16
  0.15  0.19
  0.14  0.23
  0.35  0.28
  0.16  0.31
  0.29  0.43
  0.17  0.44
  0.07  0.39
  0.27  0.33
  0.17  0.30
  0.06  0.18
  0.03  0.15
  0.08  0.19
  0.03  0.25
  0.09  0.36
  0.17  0.59
  0.14  0.87
  0.22  1.17
  0.43  1.40
  1.53  1.95
  0.99  2.95
  2.01  3.30
  2.88  3.78
  0.49  2.32
  0.27  2.12
  0.80  2.05
  1.91  1.92
  1.13  1.57
  0.55  1.19
  0.92  0.94
  0.47  0.65
  0.22  0.52
  0.13  0.38
  0.45  0.33
  0.11  0.34
  0.24  0.66
  0.20  1.17
  0.50  2.22
  2.08  3.16
  5.62  3.49
  1.33  3.43
  2.09  2.89
  0.94  1.82
  1.30  0.85
  0.12  0.51
  0.07  0.21
  0.13  0.18
  0.15  0.18
  0.06  0.19
  0.29  0.18
  0.03  0.18
  0.04  0.20
  0.06  0.24
  0.06  0.29
  0.22  0.44
  0.27  0.50
  0.85  0.50
  0.17  0.47
  0.17  0.38
  0.10  0.23
  0.06  0.17
  0.03  0.15
  0.09  0.18
  0.11  0.24
  0.16  0.33
  0.24  0.59
  0.25  0.73
  0.52  1.04
  0.38  1.34
  0.50  1.83
  1.45  2.80
  3.08  3.27
  8.47  3.75
  0.18  1.92
  0.22  1.99
  0.45  1.89
  0.58  1.89
  0.62  1.66
  1.17  1.28
  0.28  0.91
  1.01  0.67
  0.15  0.50
  0.25  0.33
  0.16  0.29
  0.03  0.27
  0.09  0.42
  0.11  0.86
  0.22  1.52
  1.72  2.43
  1.40  2.76
  6.33  2.89
  1.89  2.45
  1.30  1.79
  0.83  0.88
  0.27  0.56
  0.10  0.29
  0.16  0.30
  0.08  0.27
  0.08  0.29
  0.10  0.27
  0.06  0.25
  0.19  0.26
  0.32  0.41
  0.16  0.46
  0.09  0.72
  0.20  0.80
  0.37  0.77
  0.75  0.62
  0.32  0.52
  0.13  0.27
  0.17  0.18
  0.09  0.17
  0.06  0.22
  0.11  0.31
  0.15  0.45
  0.56  0.74
  0.63  0.88
  0.31  1.16
  0.55  1.44
  0.40  1.87
  1.32  2.73
  1.86  3.19
 12.27  3.66
  1.48  1.70
  1.41  2.03
  2.55  1.89
  5.16  1.94
  0.50  1.88
  1.49  1.48
  0.93  0.95
  1.20  0.73
  1.11  0.50
  0.17  0.30
  0.03  0.25
  0.06  0.20
  0.07  0.31
  0.06  0.61
  0.27  1.03
  1.34  1.75
  1.16  2.09
  1.20  2.31
  3.53  2.04
  2.21  1.64
  0.50  0.95
  0.12  0.67
  0.10  0.37
  0.60  0.41
  0.15  0.41
  0.04  0.40
  0.06  0.37
  0.14  0.39
  0.14  0.41
  0.48  0.57
  0.24  0.74
  0.41  1.07
  0.83  1.11
  1.28  1.08
  0.41  0.90
  0.33  0.67
  0.12  0.35
  0.15  0.24
  0.12  0.20
  0.14  0.24
  0.06  0.35
  0.15  0.50
  0.41  0.81
  0.99  0.94
  0.63  1.22
  0.50  1.50
  1.55  1.84
  4.03  2.22
  5.86  2.55
  1.83  2.78
  0.38  1.69
  6.70  2.05
  6.30  1.92
  3.19  2.00
  8.08  1.91
  3.28  1.51
  0.68  0.95
  0.48  0.69
  0.48  0.44
  0.19  0.25
  0.03  0.18
  0.05  0.12
  0.11  0.21
  0.04  0.46
  0.06  0.73
  0.70  1.35
  1.79  1.61
  3.83  1.84
  5.60  1.64
  2.17  1.41
  0.84  0.87
  0.27  0.68
  0.10  0.44
  0.17  0.51
  0.26  0.53
  0.53  0.56
  0.15  0.54
  0.16  0.59
  0.42  0.59
  0.13  0.81
  0.54  0.96
  1.20  1.27
  0.88  1.27
  0.92  1.21
  0.58  0.95
  0.34  0.68
  0.22  0.36
  0.05  0.25
  0.17  0.22
  0.13  0.28
  0.08  0.44
  1.06  0.62
  0.62  0.97
  0.37  1.13
  0.77  1.46
  0.79  1.67
  3.03  1.79
  3.21  1.76
  1.12  1.93
  2.27  1.88
  1.37  1.71
  4.64  2.11
 12.39  1.98
  5.26  2.05
  1.75  1.89
  1.47  1.49
  1.09  0.88
  0.86  0.62
  0.39  0.37
  0.13  0.22
  0.14  0.15
  0.04  0.11
  0.43  0.14
  0.01  0.32
  0.33  0.48
  0.67  0.87
  2.03  1.06
  1.49  1.31
  2.29  1.21
  0.32  1.16
  0.66  0.92
  0.28  0.81
  0.14  0.62
  0.41  0.74
  1.06  0.72
  0.17  0.71
  0.46  0.83
  0.56  0.96
  0.30  0.95
  0.71  1.17
  1.48  1.29
  0.73  1.47
  0.68  1.36
  0.43  1.25
  0.70  0.96
  0.27  0.70
  0.09  0.36
  0.08  0.24
  0.11  0.22
  0.28  0.30
  0.10  0.48
  0.27  0.70
  0.38  0.95
  0.34  1.09
  3.00  1.33
  0.67  1.53
  1.09  1.51
  1.19  1.54
  4.91  1.68
  1.68  1.64
  1.63  0.81
  0.74  1.31
  1.75  1.29
  1.60  1.42
  2.01  1.37
  2.34  1.25
  0.53  0.73
  0.33  0.51
  0.26  0.29
  0.22  0.21
  0.26  0.19
  0.22  0.18
  0.28  0.22
  0.08  0.33
  0.56  0.41
  1.33  0.66
  1.50  0.78
  1.79  0.92
  0.63  0.88
  0.92  0.96
  0.44  0.86
  0.39  0.83
  0.10  0.80
  0.22  1.06
  0.61  0.99
  0.59  1.00
  1.05  1.12
  0.93  1.25
  0.40  1.09
  0.78  1.30
  1.38  1.37
  0.16  1.38
  0.20  1.19
  0.78  1.06
  1.23  0.77
  0.55  0.53
  0.19  0.30
  0.21  0.22
  0.14  0.20
  0.16  0.29
  0.29  0.46
  0.75  0.69
  1.54  0.93
  0.69  1.06
  2.26  1.18
  0.93  1.29
  1.53  1.28
  2.78  1.41
  2.95  1.53
  2.87  1.62
  0.66  0.59
  0.80  0.90
  1.52  0.88
  1.38  0.99
  0.60  0.96
  0.67  0.86
  0.24  0.53
  0.32  0.41
  0.29  0.26
  0.07  0.27
  0.11  0.31
  0.14  0.35
  0.93  0.38
  0.72  0.45
  0.76  0.50
  0.87  0.57
  3.10  0.61
  3.41  0.76
  0.47  0.78
  1.82  0.83
  0.95  0.91
  0.46  0.99
  0.56  0.96
  0.90  1.19
  1.31  1.27
  1.05  1.28
  0.79  1.40
  0.82  1.51
  3.85  1.34
  1.14  1.27
  0.60  1.25
  0.18  1.15
  0.46  0.92
  0.39  0.84
  0.73  0.68
  0.26  0.47
  0.20  0.30
  0.12  0.25
  0.05  0.21
  0.08  0.27
  0.46  0.45
  0.39  0.63
  0.69  0.82
  0.90  0.90
  2.02  0.96
  0.55  0.98
  0.64  0.99
  1.18  1.16
  1.46  1.27
  1.24  1.41
  0.23  0.38
  0.33  0.50
  0.57  0.50
  0.09  0.56
  0.33  0.52
  0.68  0.50
  0.74  0.39
  0.48  0.41
  0.35  0.41
  0.94  0.50
  0.44  0.58
  0.36  0.63
  0.47  0.60
  0.84  0.60
  0.28  0.61
  0.66  0.62
  0.47  0.63
  1.09  0.72
  1.19  0.75
  1.10  0.84
  1.74  0.98
  1.29  1.09
  0.98  1.39
  3.04  1.66
  1.44  1.72
  3.15  1.75
  1.11  1.84
  0.87  1.60
  3.08  1.34
  1.58  1.20
  0.38  1.00
  0.46  0.86
  0.28  0.69
  0.51  0.64
  0.41  0.54
  0.38  0.48
  0.13  0.35
  0.03  0.33
  0.02  0.31
  0.22  0.36
  0.32  0.56
  0.61  0.73
  2.20  0.92
  1.90  0.97
  0.71  1.01
  1.04  0.93
  0.67  0.94
  2.20  1.05
  1.90  1.15
  0.49  1.27
  0.16  0.31
  0.25  0.35
  0.19  0.33
  0.16  0.33
  0.12  0.33
  0.12  0.34
  0.11  0.36
  0.17  0.53
  0.17  0.82
  0.41  1.12
  0.60  1.23
  1.14  1.24
  0.56  1.12
  0.87  0.90
  0.34  0.70
  0.37  0.64
  1.63  0.64
  1.76  0.72
  0.93  0.75
  1.50  0.91
  1.15  1.14
  1.64  1.29
  1.39  1.65
  1.52  1.95
  3.94  2.01
  4.89  2.10
  0.58  2.13
  2.30  1.81
  1.24  1.50
  1.13  1.20
  0.55  0.87
  0.88  0.77
  0.42  0.70
  1.54  0.73
  0.39  0.85
  0.33  0.82
  0.25  0.81
  0.14  0.78
  0.41  0.82
  1.57  0.74
  1.37  0.99
  1.77  0.98
  0.72  1.08
  1.10  1.07
  1.16  1.06
  0.55  0.89
  0.86  0.92
  1.14  1.04
  0.94  1.07
  0.55  1.22
  0.08  0.20
  0.06  0.20
  0.09  0.20
  0.14  0.23
  0.24  0.27
  0.38  0.35
  0.52  0.65
  0.31  1.22
  0.36  1.65
  0.49  2.02
  1.62  2.27
  1.72  2.08
  0.27  1.57
  0.40  1.17
  0.49  0.84
  0.27  0.57
  1.26  0.54
  0.39  0.60
  0.34  0.65
  1.39  0.84
  0.73  1.17
  0.75  1.45
  1.72  1.88
  0.64  2.16
  0.58  2.24
  1.54  2.33
  3.58  2.11
  2.04  1.70
  0.96  1.41
  0.73  1.08
  1.46  0.67
  0.45  0.74
  0.62  0.85
  2.44  1.15
  0.95  1.44
  0.33  1.46
  0.94  1.56
  0.96  1.58
  0.83  1.47
  0.84  1.53
  1.28  1.87
  2.13  1.80
  1.33  1.73
  1.28  1.63
  0.81  1.32
  3.47  0.94
  1.85  0.88
  1.03  0.89
  0.63  0.86
  0.63  0.95
  0.05  0.20
  0.17  0.19
  0.27  0.21
  0.31  0.25
  0.50  0.32
  1.09  0.45
  2.53  1.01
  1.73  2.17
  3.10  3.03
  5.59  3.65
 19.07  4.35
  6.58  3.96
  0.90  2.88
  0.32  2.04
  0.16  1.43
  1.02  0.65
  0.93  0.56
  0.46  0.56
  0.78  0.60
  0.28  0.75
  1.05  1.16
  3.02  1.49
  1.50  2.00
  1.36  2.64
  0.93  2.83
  0.94  2.90
  4.54  2.62
  0.58  2.16
  0.91  1.53
  0.71  1.15
  1.44  0.72
  2.12  0.88
  0.94  1.22
  3.05  2.52
  1.47  4.71
  1.30  4.95
  4.30  5.14
  3.03  4.98
  3.62  3.95
  2.29  2.16
  2.05  2.33
  1.56  2.23
  2.79  2.13
  2.12  1.97
  0.91  1.60
  1.05  1.12
  0.36  0.83
  0.23  0.69
  0.13  0.54
  0.38  0.53
  0.02  0.23
  0.09  0.24
  0.31  0.30
  0.33  0.41
  0.37  0.51
  2.09  0.70
  1.88  1.31
  2.26  2.60
  3.41  3.64
  9.27  4.40
  1.68  5.21
  8.19  4.97
  3.68  3.79
  1.37  2.72
  0.17  1.90
  0.29  0.96
  0.32  0.64
  0.17  0.53
  0.28  0.57
  0.20  0.75
  0.47  1.17
  1.16  1.51
  1.32  2.12
  2.27  2.91
  2.65  3.04
  1.83  3.05
  1.18  2.76
  1.11  2.23
  0.70  1.50
  1.04  1.31
  2.76  0.98
  1.40  1.20
  1.97  1.78
  1.43  3.75
  1.90  6.47
  2.42  7.09
  5.75  7.50
  2.70  7.18
  0.57  5.55
  1.19  3.13
  3.67  3.06
  2.16  2.87
  6.44  2.75
  3.63  2.46
  2.15  2.15
  0.71  1.57
  0.27  1.13
  0.27  0.95
  0.06  0.87
  0.26  0.80
  0.08  0.27
  0.17  0.31
  0.18  0.46
  0.32  0.65
  0.26  0.78
  1.26  1.03
  1.61  2.10
  3.44  3.37
  9.01  4.38
  8.03  5.21
  2.52  6.19
  3.04  5.59
  2.16  4.57
  0.89  3.45
  0.46  2.52
  0.32  1.35
  0.37  0.91
  0.69  0.57
  0.57  0.70
  1.54  0.88
  0.61  1.23
  0.67  1.57
  1.46  1.93
 10.91  2.78
 12.55  3.14
  3.56  3.19
  1.15  2.93
  1.84  2.65
  1.09  1.80
  0.68  1.46
  1.95  1.21
  1.46  1.49
  2.37  2.21
  2.28  4.28
  6.30  7.59
 14.78 10.61
  6.61 11.61
 10.97 11.20
  2.68  9.57
  1.71  6.61
 22.46  4.16
  2.50  3.43
  5.71  3.34
  3.59  2.96
  1.37  2.67
  1.21  2.07
  0.62  1.68
  0.53  1.45
  0.44  1.46
  0.82  1.35
  0.03  0.29
  0.15  0.37
  0.46  0.53
  0.62  0.79
  0.65  1.06
  1.00  1.49
  2.40  2.63
  2.70  4.05
  7.55  4.96
  3.56  5.84
  8.06  7.11
  2.46  6.52
  3.63  5.50
  3.98  4.50
  2.27  3.41
  1.39  1.80
  0.43  1.26
  0.24  0.82
  0.53  0.89
  0.36  1.04
  0.73  1.37
  0.47  1.73
  1.21  2.16
  1.38  3.33
  3.18  3.81
  2.47  3.79
  1.45  3.49
  1.73  3.08
  0.79  1.88
  1.20  1.44
  0.57  1.32
  2.97  1.67
  2.62  2.54
  1.52  4.77
  3.79  8.82
  4.96 12.09
 14.08 13.02
 14.41 12.43
 16.61 10.58
  7.94  7.09
  4.39  4.44
  1.20  3.74
  3.94  3.74
  5.11  3.46
  1.96  3.19
  1.19  3.23
  0.56  3.36
  2.24  3.24
  1.40  3.60
  1.87  3.79
  0.09  0.37
  0.18  0.45
  0.47  0.61
  0.75  0.95
  0.57  1.24
  1.00  1.68
  3.37  2.69
  4.15  4.04
 23.36  5.07
  6.94  5.99
  7.36  7.32
  3.39  7.04
  5.12  7.33
  2.39  6.31
  1.09  5.30
  0.33  3.65
  1.49  2.91
  0.44  1.22
  0.91  1.17
  0.61  1.31
  0.75  1.87
  0.80  2.49
  3.05  3.16
  1.68  4.37
  1.34  4.89
  7.09  4.57
  8.41  4.10
  1.87  3.37
  1.17  2.10
  1.47  1.50
  0.91  1.43
  1.78  1.76
  1.11  2.69
  1.98  4.97
  5.51  9.09
  8.48 12.78
 34.06 14.27
 12.68 13.60
 18.64 11.79
  8.34  8.02
  2.51  4.96
  1.36  3.61
  8.56  3.74
  7.04  3.67
 16.72  3.72
  3.47  4.25
  2.38  4.50
  3.90  4.50
  4.84  4.80
  1.27  5.14
  0.87  0.63
  0.31  0.67
  0.41  0.80
  0.37  1.07
  1.06  1.31
  1.22  1.71
  5.26  2.48
  9.50  3.39
 18.11  4.03
 10.68  4.87
 26.42  5.87
  7.72  5.99
  4.91  6.80
  2.50  6.34
  3.35  5.53
  3.96  4.22
  1.56  3.39
  0.78  1.70
  0.48  1.48
  1.17  1.58
  2.08  2.38
  0.95  2.99
  3.45  4.27
  1.02  5.56
  2.02  6.20
  3.39  5.56
 13.70  5.03
  1.71  3.61
  0.74  2.25
  1.33  1.64
  1.85  1.65
  1.42  2.02
  1.01  2.83
  2.76  4.38
  9.42  6.76
 18.76 10.76
  5.26 12.40
 16.93 12.03
  6.30 11.00
  2.28  9.32
  4.66  5.93
  2.43  4.25
  4.72  4.24
  2.45  4.05
  2.45  3.82
  3.87  4.46
  8.47  4.99
 34.84  4.96
  8.66  5.42
  8.92  5.62
  0.96  1.02
  0.51  0.99
  0.40  1.01
  1.10  1.10
  0.67  1.26
  3.24  1.54
  2.38  2.22
  4.56  3.01
  2.83  3.51
  6.17  4.64
 11.00  5.64
  6.58  5.76
  1.85  6.92
  3.28  6.74
  7.57  5.88
  2.52  4.88
  1.45  4.16
  0.93  2.31
  0.70  2.01
  1.03  2.21
  5.41  2.87
 10.15  3.45
  9.15  4.94
  6.70  6.47
  2.88  7.20
  4.92  6.57
  4.22  6.13
  2.24  4.50
  1.01  2.87
  1.62  1.78
  2.11  1.68
  2.79  1.92
  1.82  2.53
  4.02  3.62
  9.41  5.51
  2.82  9.21
  2.38 10.72
 13.35 10.57
 11.21  9.94
  3.61  8.84
  5.49  5.52
  4.91  3.80
  1.61  3.72
  2.94  3.65
  1.27  3.36
  2.20  4.19
  5.23  4.91
  4.50  4.98
  3.50  5.42
  2.14  5.74
  1.15  1.21
  0.55  1.10
  1.20  1.01
  1.54  0.95
  1.71  1.03
  1.49  1.22
  0.46  1.41
  0.63  2.16
  0.94  2.64
  1.59  3.70
  5.27  4.60
  4.68  5.16
  1.78  6.25
  8.71  6.23
  8.68  5.55
  2.69  4.83
  2.41  4.21
  1.36  2.58
  2.04  2.16
  3.68  2.37
  3.73  3.04
  2.84  3.66
 21.14  5.24
 10.48  6.68
 14.25  7.27
  6.72  6.63
  1.35  6.39
  1.82  4.73
  1.01  3.28
  0.91  2.22
  1.52  2.02
  1.58  1.96
  1.39  2.36
  1.88  3.49
 18.06  4.80
 15.67  6.03
  5.05  7.07
  4.09  7.04
  4.30  6.25
  7.79  5.61
  3.28  4.58
  0.88  3.32
  2.33  3.15
  0.87  3.18
  1.48  2.85
  3.35  3.79
  3.81  4.44
  6.67  4.67
  4.54  5.05
  2.35  5.51
  2.49  1.23
  1.00  1.09
  0.40  0.98
  0.92  0.84
  1.09  0.74
  0.50  0.70
  0.16  0.77
  0.79  1.32
  0.51  1.76
  2.92  2.57
  1.75  3.21
  1.19  3.86
  0.84  5.04
  1.19  5.17
  2.84  4.91
  2.18  4.86
  1.04  4.35
  2.41  2.83
  2.97  2.40
  5.51  2.60
  4.84  3.07
  6.61  3.68
  3.94  5.18
  4.77  6.39
  8.84  6.86
  8.23  6.22
  2.73  6.10
  1.34  4.66
  0.77  3.55
  2.26  2.64
  3.92  2.39
  3.08  2.19
  2.33  2.30
 14.65  3.09
  6.55  3.60
 11.41  4.60
  5.26  5.49
 18.76  5.67
  3.59  4.99
  4.20  4.88
  3.42  3.93
  2.00  2.71
  1.93  2.37
  3.20  2.33
  4.27  1.99
  2.71  2.44
  2.51  2.64
  2.94  2.87
  2.79  3.00
  4.55  3.21
  0.40  1.23
  1.30  1.05
  0.35  0.92
  0.24  0.65
  0.43  0.50
  0.56  0.39
  0.31  0.39
  0.28  0.62
  0.15  0.83
  0.59  1.56
  0.54  2.19
  0.57  2.85
  0.68  3.19
  1.53  3.51
  2.07  3.37
  1.13  3.75
  2.27  3.34
  4.04  3.00
  5.07  2.72
  7.21  2.89
  9.70  2.64
  3.17  2.85
  8.80  4.02
  7.23  5.27
 19.39  5.71
 15.53  5.59
  5.32  6.05
  3.24  5.05
  8.43  4.03
  6.63  3.26
  5.09  2.93
  4.29  2.49
  6.41  2.45
  7.71  2.82
 11.42  3.05
 15.16  3.52
  8.75  3.73
  3.64  3.86
  5.31  3.29
  2.22  3.23
  2.71  2.57
  1.11  1.95
  0.39  1.62
  1.14  1.45
  1.09  1.12
  0.63  1.25
  0.46  1.49
  1.05  1.65
  1.17  1.86
  6.77  1.94
  0.56  0.99
  1.53  0.85
  0.80  0.73
  0.46  0.50
  0.32  0.35
  0.16  0.24
  0.06  0.22
  0.09  0.31
  0.15  0.48
  0.24  1.04
  0.36  1.59
  1.10  2.13
  0.50  2.55
  1.03  2.74
  1.54  2.76
  2.57  3.35
  2.61  3.04
 18.31  2.79
  5.25  2.66
 14.12  2.80
  6.01  2.14
  1.96  2.28
  1.45  2.71
  2.41  3.49
  3.90  3.85
 15.12  4.40
  5.33  6.03
  3.77  6.00
  5.39  6.04
 12.10  5.33
  1.98  4.67
  4.01  3.08
  3.21  2.75
  2.45  2.24
  1.97  2.27
  4.88  2.15
  4.42  2.14
  6.22  2.13
  9.08  1.68
  1.66  1.35
  1.06  1.15
  0.89  0.84
  0.15  0.67
  0.18  0.69
  0.62  0.68
  0.56  0.82
  0.59  0.99
  3.62  1.16
  2.21  1.26
  4.77  1.53
  0.61  0.88
  0.70  0.74
  0.28  0.63
  0.34  0.51
  0.12  0.36
  0.24  0.20
  0.26  0.19
  0.10  0.26
  0.43  0.37
  0.53  0.47
  0.24  0.86
  0.26  1.25
  0.46  1.45
  1.18  1.67
  0.48  2.04
  2.07  2.59
  1.95  2.44
 12.17  2.41
  1.64  2.35
  2.15  2.30
  1.68  1.63
  1.68  1.74
  2.06  1.85
  1.24  2.34
  2.15  2.80
  2.17  3.48
  3.56  5.43
  2.33  5.97
  7.73  6.48
  7.85  6.14
  3.89  5.63
  7.96  3.81
  4.22  3.22
  1.43  2.23
  1.79  2.03
  0.93  1.67
  3.20  1.49
  6.17  1.37
  2.56  1.15
  3.51  0.87
  1.50  0.78
  0.32  0.58
  0.22  0.48
  0.29  0.51
  0.27  0.51
  0.09  0.62
  0.48  0.74
  0.81  0.86
  1.01  0.91
  1.32  1.12
  1.48  0.92
  0.92  0.81
  2.07  0.71
  0.75  0.60
  0.22  0.43
  0.53  0.30
  0.19  0.26
  0.18  0.29
  0.10  0.36
  0.20  0.41
  0.08  0.69
  0.19  1.02
  0.26  1.26
  0.99  1.53
  0.48  2.03
  1.31  2.60
  1.55  2.59
  1.95  2.56
  1.98  2.56
  2.51  2.33
  0.57  1.65
  1.89  1.58
  0.86  1.50
  0.37  1.88
  1.32  2.22
  3.16  2.99
  2.55  5.09
  6.55  7.30
 46.53  8.53
  7.98  8.61
 18.98  8.20
  2.70  6.27
  3.84  4.18
  2.89  2.31
  4.41  1.81
  1.67  1.29
  1.07  1.02
  0.55  0.83
  0.53  0.80
  0.86  0.58
  0.37  0.54
  0.85  0.38
  0.30  0.32
  0.24  0.33
  0.51  0.35
  0.50  0.43
  0.43  0.59
  0.65  0.70
  0.83  0.75
  0.95  0.90
  1.03  1.54
  1.63  1.33
  1.52  1.17
  0.77  0.80
  0.78  0.56
  0.49  0.42
  0.10  0.33
  0.20  0.27
  0.10  0.28
  0.13  0.30
  0.11  0.54
  0.24  0.82
  0.46  1.14
  0.55  1.45
  0.75  2.00
  6.30  2.50
  3.10  2.71
  5.11  2.65
  5.45  2.65
  0.70  2.36
  1.98  1.76
  0.70  1.47
  1.52  1.31
  1.35  1.52
  0.44  1.78
  4.32  2.54
  3.40  4.81
 11.27  7.62
 43.50  9.16
 10.80  9.54
 11.08  9.31
  6.21  7.29
  5.62  4.65
  6.39  2.63
  3.30  1.79
  1.02  1.10
  0.22  0.78
  0.61  0.52
  0.85  0.53
  0.29  0.45
  0.16  0.46
  0.72  0.36
  0.43  0.38
  0.14  0.38
  0.40  0.39
  1.96  0.47
  0.24  0.58
  1.31  0.67
  1.28  0.74
  1.74  0.89
  2.33  1.98
  4.39  1.70
  3.57  1.50
  3.11  1.03
  1.81  0.71
  0.52  0.54
  0.67  0.43
  0.39  0.36
  0.45  0.34
  0.32  0.32
  0.12  0.36
  0.24  0.48
  0.12  0.74
  0.53  1.04
  1.37  1.56
 19.39  1.91
  7.78  2.50
 19.44  2.56
 10.13  2.53
  1.27  2.17
  1.09  1.93
  3.37  1.39
  1.03  1.18
  1.17  1.33
  1.38  1.63
  1.00  2.39
  2.35  4.60
  6.47  7.70
 42.47  9.38
 58.32 10.26
 17.19 10.10
 22.75  8.21
  8.21  5.25
  2.69  3.21
  1.88  1.88
  0.60  1.09
  0.44  0.65
  0.34  0.43
  0.63  0.44
  0.30  0.45
  0.64  0.52
  0.63  0.50
  0.46  0.66
  0.26  0.65
  0.45  0.66
  1.06  0.70
  0.47  0.82
  0.46  0.97
  2.61  1.10
  9.77  1.32
  9.03  2.32
 14.72  2.05
  3.91  1.88
  2.35  1.33
  2.30  1.01
  0.28  0.87
  0.81  0.70
  0.18  0.52
  0.39  0.45
  0.37  0.37
  0.20  0.29
  0.27  0.31
  0.11  0.53
  0.44  0.85
  1.04  1.35
  3.66  1.65
  2.76  2.36
  6.73  2.46
  7.63  2.49
  5.15  2.19
  1.59  2.05
  2.55  1.48
  2.56  1.29
  6.68  1.25
  2.57  1.47
  1.18  1.87
  1.07  3.14
  2.72  6.18
  2.76  7.66
 13.37  8.96
 21.08 10.26
 21.57  9.53
  3.46  6.65
  3.15  4.94
  2.20  3.28
  0.60  1.41
  0.37  0.75
  0.30  0.55
  1.39  0.62
  0.46  0.71
  2.91  0.86
  0.77  0.88
  0.64  1.05
  0.51  1.03
  1.08  1.04
  1.04  1.03
  0.83  1.20
  3.27  1.33
  3.56  1.47
  4.62  1.66
  2.41  2.39
  8.97  2.22
  2.08  2.09
  1.77  1.47
  3.99  1.15
  0.69  1.09
  0.69  0.89
  1.06  0.63
  2.41  0.50
  0.19  0.40
  0.06  0.31
  0.07  0.26
  0.07  0.49
  0.27  0.75
  0.51  1.21
  1.87  1.46
  1.38  2.17
  2.16  2.31
  5.40  2.38
  8.01  2.22
  0.82  2.15
  2.35  1.57
  1.98  1.37
  5.75  1.22
  3.96  1.10
  2.21  1.44
  1.16  2.32
  2.58  5.15
  5.54  6.66
  5.46  8.19
 42.96  9.55
  5.39  9.28
  2.68  6.70
  2.35  5.11
  1.32  3.67
  0.73  1.90
  0.18  1.60
  0.29  1.46
  1.23  1.52
  1.37  1.45
  2.10  1.62
  1.83  1.26
  2.41  1.31
  1.48  1.43
  3.46  1.49
  2.19  1.56
  2.74  2.00
  2.17  2.17
  4.32  2.32
 10.60  2.63
  1.54  2.62
  4.09  2.42
  1.12  2.31
  0.89  1.67
  1.38  1.35
  1.33  1.23
  1.16  1.06
  0.56  0.75
  0.62  0.61
  0.13  0.52
  0.03  0.36
  0.05  0.25
  0.07  0.41
  0.18  0.60
  0.62  0.90
  0.35  1.14
  0.79  1.74
  2.96  1.89
  3.13  1.92
  1.65  1.89
  1.79  1.83
  0.95  1.37
  1.67  1.24
  1.52  1.20
  3.43  1.07
  1.82  1.26
  1.41  2.00
  1.21  3.30
  5.05  5.18
  6.85  7.03
 20.24  8.91
  5.38  9.09
  6.65  8.10
  4.15  6.33
  1.41  4.83
  1.38  3.25
  0.64  2.80
  0.38  2.79
  2.54  2.69
  3.52  2.42
  1.10  2.12
  1.01  1.68
  2.55  1.56
  1.30  1.79
  2.76  1.96
  2.46  2.20
  6.02  2.62
  3.35  2.94
 10.90  3.11
 11.79  3.46
  4.90  2.27
  4.52  2.27
  1.38  2.20
  1.03  1.83
  1.63  1.63
  1.71  1.45
  0.96  1.26
  1.00  0.96
  0.81  0.80
  0.24  0.68
  0.13  0.50
  0.05  0.37
  0.09  0.46
  0.63  0.54
  0.33  0.74
  0.60  0.90
  1.57  1.26
  2.14  1.39
  1.51  1.47
  1.12  1.46
  2.03  1.41
  2.78  1.07
  1.00  1.00
  1.06  0.98
  3.17  0.92
  1.09  1.11
  0.97  1.75
  2.46  2.81
  1.98  4.76
  5.56  6.92
  5.54  9.00
  7.53 10.22
 10.20  9.61
 13.30  7.96
  1.12  6.27
  4.60  4.70
  3.67  3.48
  5.93  3.58
  3.96  3.43
  2.18  3.50
  2.15  3.09
  2.75  2.65
  2.72  2.38
  2.40  4.04
  1.72  3.95
  4.80  4.51
 24.83  5.00
  6.54  5.57
 11.45  4.47
 11.61  4.88
  2.04  2.15
  1.99  2.29
  2.45  2.32
  0.72  2.18
  2.22  2.16
  0.81  2.07
  1.02  2.09
  1.03  1.69
  1.54  1.43
  0.10  1.22
  0.88  0.87
  0.40  0.47
  0.18  0.56
  0.34  0.62
  0.83  0.72
  0.50  0.85
  1.69  0.91
  2.35  0.99
  1.14  1.06
  0.75  1.10
  0.73  1.01
  0.89  0.92
  1.27  0.86
  0.94  0.83
  1.03  0.76
  2.15  0.81
  0.60  1.51
  1.81  2.39
  6.95  4.65
  5.74  6.89
 14.78 10.31
 15.77 11.87
 18.22 11.63
  9.61 10.01
  3.88  8.36
  3.68  5.84
  3.64  4.44
  6.45  5.08
 15.24  4.75
  3.30  4.90
  2.67  4.54
  5.98  4.31
  5.94  3.26
  1.54  5.18
  5.42  5.16
 13.30  5.74
 17.52  5.96
  9.01  6.61
  3.18  5.30
  4.15  5.63
  0.40  2.33
  2.02  2.60
  5.65  2.80
  1.96  3.47
  1.07  3.98
  1.60  3.81
  2.17  3.72
  3.35  3.15
  3.61  2.26
  0.34  1.53
  0.46  1.06
  0.63  0.63
  0.47  0.68
  0.31  0.71
  0.24  0.79
  0.85  0.89
  0.53  0.89
  0.88  0.88
  0.47  0.84
  0.15  0.85
  0.22  0.78
  0.14  0.71
  0.96  0.65
  0.18  0.67
  0.29  0.63
  1.33  0.75
  2.43  1.47
  2.10  2.81
  2.48  5.47
  4.46  7.59
  8.21 11.60
 13.89 13.23
102.70 14.38
  9.46 12.83
  3.77 11.47
  4.59  8.46
  3.91  7.11
 24.93  6.65
  6.50  5.91
  5.20  5.89
  7.96  5.75
  3.41  5.75
  5.13  4.08
  6.12  5.90
  7.22  6.34
 24.03  6.58
 10.53  6.35
  7.92  7.00
  6.28  5.84
  8.15  5.61
  0.15  2.42
  0.48  2.71
  0.97  2.97
  0.63  3.89
  0.49  4.59
  2.36  4.41
  0.78  4.37
  1.89  3.74
  2.28  2.70
  0.61  1.80
  0.88  1.22
  0.52  0.73
  0.56  0.75
  0.43  0.75
  0.22  0.80
  1.48  0.91
  1.56  0.88
  0.56  0.83
  0.48  0.74
  0.15  0.69
  0.18  0.61
  0.26  0.54
  0.34  0.48
  0.14  0.52
  0.32  0.55
  1.75  0.65
  6.34  1.56
 20.35  3.18
  6.16  6.36
  9.06  8.81
 10.13 13.68
 41.99 15.53
  9.35 16.89
 16.11 15.12
  8.30 13.38
  5.01  9.68
  5.02  7.70
  4.60  7.10
 13.73  6.17
  8.80  6.35
 15.31  6.18
  4.19  6.65
  3.70  4.70
 10.08  6.80
 10.63  7.29
 13.49  7.49
  6.31  6.86
  5.09  7.61
  8.40  6.15
  3.83  5.68
  0.20  2.35
  0.14  2.81
  1.43  3.16
  0.87  4.50
  1.19  5.58
  5.88  5.43
  4.02  5.36
  8.12  4.65
  0.86  3.29
  1.89  2.10
  0.93  1.43
  0.68  0.85
  0.44  0.85
  0.40  0.82
  0.32  0.87
  0.99  0.96
  0.99  0.93
  0.82  0.87
  0.27  0.77
  0.09  0.69
  0.03  0.54
  0.05  0.42
  0.36  0.31
  0.13  0.35
  0.03  0.41
  0.36  0.61
  1.52  1.52
  2.32  3.60
  2.91  6.03
  8.13  8.36
 12.08 13.96
  5.49 16.22
 27.14 17.93
 29.36 17.08
 35.38 15.32
 14.50 10.40
  1.96  8.04
  7.88  7.10
  9.68  6.10
 13.57  6.68
 34.58  7.22
 13.59  8.03
  4.26  5.70
  3.73  8.36
  1.43  8.84
  7.11  8.82
  9.26  7.97
  1.86  8.62
  1.12  6.59
  1.65  5.83

